155
192
199
250
414
443
454
496
519
542
607
714
778
833
877
883
950
983
1031
1042
1048
1102
1176
1211
1229
1255
1291
1296
1335
1363
1466
1483
1496
1514
1545
1554
1628
1908
1973
2014
2055
2167
2174
2231
2255
2296
2300
2345
2410
2475
2529
2645
2665
2715
2752
2774
2949
3014
3036
3114
3195
3207
3233
3248
3323
3421
3445
3457
3556
3648
3677
3686
3706
3766
3810
3866
3881
3942
4028
4035
4042
4108
4179
4217
4224
4227
4270
4301
4347
4523
4564
4616
4654
4701
4790
4823
4846
4854
5005
5099
5216
5232
5256
5290
5304
5380
5403
5419
5449
5498
5509
5623
5655
5730
5810
5823
5848
5933
5957
6013
6044
6101
6112
6138
6186
6288
6316
6353
6373
6451
6478
6528
6557
6562
6613
6639
6746
6765
6813
6847
6973
7005
7009
7064
7075
7191
7232
7303
7388
7398
7423
7452
7509
7516
7661
7707
7746
7753
7775
7854
7898
7920
7925
7950
8047
8069
8077
8393
8409
8456
8478
8490
8514
8593
8755
8772
8786
8809
8861
8881
9063
9084
9094
9144
9260
9268
9278
9293
9337
9352
9470
9682
9839
9949
9956
9971
10047
10133
10146
10168
10192
10212
10257
10276
10343
10375
10438
10478
10593
10602
10844
10930
10955
11011
11037
11121
11158
11196
11249
11322
11506
11513
11559
11627
11659
11706
11726
11731
11789
11886
11998
12046
12059
12094
12107
12150
12189
12298
12399
12412
12446
12503
12533
12569
12616
12664
12746
12771
12815
12916
12976
13065
13086
13118
13128
13141
13156
13172
13219
13323
13327
13339
13387
13406
13412
13570
13703
13800
13815
13888
13980
14047
14068
14130
14164
14204
14240
14283
14313
14354
14359
14364
14390
14432
14564
14603
14750
14760
14848
14877
14937
14970
14976
15031
15063
15146
15184
15274
15305
15311
15381
15392
15411
15513
15543
15639
15648
15657
15685
15712
15775
15903
15970
16027
16036
16062
16116
16159
16308
16328
16357
16462
16513
16585
16627
16674
16698
16714
16779
16898
16978
16991
17087
17099
17109
17121
17182
17209
17214
17224
17300
17315
17328
17423
17445
17590
17671
17708
17716
17739
17788
17865
17898
17937
17977
18014
18089
18196
18208
18404
18467
18539
18651
18659
18732
18770
18807
18837
18846
18858
18980
19127
19196
19210
19245
19281
19298
19316
19329
19371
19412